   -0.02900531
   -0.02668903
   -0.03255782
    0.01251940
   -0.03471834
   -0.02653709
    0.01896392
    0.00791398
   -0.03018235
   -0.03891010
    0.09924596
   -0.03686898
   -0.03232256
   -0.17630975
   -0.09832269
    0.24642661
   -0.21690820
   -0.19431786
    0.20932909
   -0.21862887
    0.09724208
   -0.05444488
   -0.05610734
    0.07808959
   -0.16237631
    0.03791551
    0.03894499
    0.04666339
    0.03489512
    0.03875240
    0.07435674
    0.05232478
    0.05860854
    0.06213392
    0.06751816
    0.06590277
    0.05468387
    0.06277664
