           1           2   1.4437408977098687     
           2           3   1.4369188939394104     
           1           4  0.10910782040195664     
           3           4   1.4175402360048373     
           2           5  0.11251623347312437     
           4           5   1.4002369460117263     
           1           6   1.4330692856452241     
           3           6  0.10979664840104114     
           5           6   1.4508153775268506     
           4           7  0.99680426827548108     
           7           8  0.99620208804782651     
           8           9   1.4012608821363968     
           9          10   1.4517413703408368     
          10          11   1.3971665439430341     
           9          12  0.10781819135031051     
          11          12   1.4055016019738096     
           8          13   1.4037838785901435     
          10          13  0.10639597847279178     
          12          13   1.4416655036989150     
          11          14  0.97453705360730025     
           7          15  0.92262608661302414     
          15          16   1.1047797325362183     
          16          17   1.5456209285349518     
          17          18   1.2143840716219132     
          18          19   1.5579775084324758     
          16          20   1.1032339608627930     
          19          20   1.0700242165599332     
          19          21   1.1062991853750959     
          21          22   1.4867662739016501     
          22          23   1.3319375826734168     
          21          24  0.12879009204372682     
          23          24   1.5713658801708741     
          21          25   1.1078232106871804     
          24          25   1.1554687582422929     
           1          26  0.97081236805396032     
           2          27  0.97046689462069691     
           3          28  0.95834230167791312     
           5          29  0.96940715521969445     
           6          30  0.97023471304256037     
           7          31  0.95315360091044021     
           9          32  0.96531214693680334     
          10          33  0.96718597805834627     
          12          34  0.96647695110476994     
          13          35  0.96294515825029581     
          22          36  0.97197728247737125     
          23          37  0.97331632406932966     
          24          38  0.96495641985597214     
